86
0	j1:10:j2:20
0	j3:30:j4:40
1	j1
3	10
5	10
4	10
1	j3
1	j4
1	j2
4	30
4	40
2	30
2	40
3	10
3	20
4	10
4	20
5	10
5	20
6	10
7	10:00:00
6	10
5	10
5	20
6	20
7	20:00:01
6	20
5	10
5	20
6	20
7	20:04:01
6	20
5	10
5	20
6	10
7	10:08:01
6	10
5	10
5	20
6	20
7	20:02:00
6	20
5	10
5	20
6	10
7	10:06:00
6	10
5	10
5	20
6	20
7	20:07:00
6	20
5	10
5	20
6	10
7	10:03:00
6	10
5	10
5	20
6	10
8	10:0:5:1:1
6	10
5	10
5	20
6	20
8	20:7:4:0:1
6	20
5	10
5	20
6	10
8	10:8:0:2:1
6	10
5	10
5	20
6	20
8	20:7:2:1:1
6	20
5	10
5	20
6	10
8	10:1:6:1:1
6	10
5	10
5	20
2	10
2	20
